485
6326
9248
5421
322
5795
8043
2845
4955
9252
1009
5901
1122
1094
8738
8574
5715
8882
1367
9984
3299
9433
5682
72
7874
138
3856
7145
7995
1529
6199
3277
97
9719
5242
6107
1122
1070
6098
3600
6645
7267
1972
9895
3213
9748
9487
1923
7029
5674
8540
5554
2467
7046
9710
553
3191
8724
5730
6988
2090
9340
7549
4196
865
9678
5570
4936
3722
3651
6123
1431
8508
7585
1853
9642
7992
6725
1286
1812
8859
663
1088
4179
4187
6619
7261
6846
9192
7261
5514
2886
3530
4849
3294
1799
2391
4330
2298
2790
5275
9826
2072
2866
7951
8748
6685
9956
8564
4183
9400
6721
1207
1323
611
2116
8109
6795
9343
7862
1685
7010
1881
6984
9403
8360
5449
3541
6272
2877
3359
2707
4308
7770
3030
6208
5311
2100
3939
8422
2785
5370
3989
4969
9143
9972
7028
3061
9638
1348
9347
8066
1391
5638
5295
3826
1196
2449
9855
2143
5487
9140
564
3615
8135
3564
6360
7793
9163
4859
3760
9711
5662
159
5660
4268
5948
7315
4676
8341
3689
7894
1706
7490
7478
5671
1932
2899
6237
187
3472
8772
2098
5906
3911
635
225
823
9164
8343
1732
9502
2740
2576
3612
6902
5454
8411
7973
7703
4850
7077
1220
4802
2403
6181
2010
7525
3919
4668
6527
3462
5291
1605
8457
8405
1417
4279
7685
7596
2307
224
3322
5840
6975
1401
4091
5327
330
4182
9603
1793
5615
3733
3864
9016
4863
6987
5306
8034
6840
6700
4706
4787
9105
834
5798
3310
1609
690
8561
9579
60
7388
1309
1407
3200
2313
8970
1033
2273
5277
8997
9040
5227
1860
5940
5608
4990
3590
6806
7052
1801
9764
4710
8386
2593
9050
5494
2156
6936
9965
2086
723
4184
9868
7340
4412
4487
209
2346
3860
8307
95
5821
3941
2821
1587
8201
5665
2527
7812
9424
1459
9343
4836
506
179
1916
4430
7596
5808
7269
5512
7811
3685
2567
3776
855
7718
6853
2097
1146
9746
6015
3965
1512
480
958
1665
5191
4964
2515
9606
6822
4536
9693
1019
335
6101
9922
9294
3910
2410
3250
546
6729
8609
9720
3976
1759
2798
4074
8648
299
785
9846
390
7897
6416
837
3247
7293
8144
2938
1467
1480
8955
5665
8026
4564
9449
7026
521
9301
7321
1613
7388
5879
9990
8188
4963
4820
7300
8822
1255
3277
7153
9400
5227
7518
1447
315
2813
5324
6502
5299
5780
6376
3516
1212
1329
810
5486
9485
6416
2952
2894
358
4021
7647
9044
1683
5361
7814
6231
2008
7165
4496
1699
4852
2459
8535
3314
944
3306
3459
7637
447
7408
3107
7962
1565
7407
1857
3317
2098
8818
9600
9288
5902
1567
6190
8749
2908
4276
7748
9592
9393
8363
8163
983
5179
1016
1478
2259
6868
4295
6596
5071
4622
2864
3644
6005
5365
3429
7064
7854
2770
9088
8157
3368
6421
1719
1271
8975
5816
3962
3535
4438
3696
4881
3318
8045
9052
2496
2313
8138
7334
3988
508
8770
751
3780
7441
207
8516
674
9408
8920
2573
6634
2878
4990
826
9696
3800
2411
2422
707
1334
7986
7494
9150
3562
3380
5832
6979
7376
7511
7414
2160
1982
238
3490
7899
3251
9526
9897
6039
9657
452
7538
4831
7460
2185
3934
4440
1490
5168
6071
2977
4458
4204
803
1139
399
1420
991
2578
972
7177
1398
348
3496
276
8825
2614
7121
8730
4341
7284
9698
6017
546
8672
8974
3866
5377
559
4340
4527
2779
7761
1483
5092
390
3583
4661
2391
4336
7661
2125
3089
6275
8359
5178
7780
9042
4005
2380
7772
3816
9
9484
2545
8589
6157
1901
7777
3074
2247
3055
9479
785
5958
680
6393
944
2596
2619
611
1852
1283
1299
4766
3312
1826
6726
4733
7805
8679
403
3964
337
5541
9478
369
946
6821
4833
5837
7490
7037
4594
3129
9258
3246
5362
9755
3504
1071
177
8176
4803
7237
1677
6033
5115
9597
5769
9536
6956
7341
4184
2234
3569
6216
7537
6084
3810
7657
9033
2159
1520
9668
2287
2229
2374
6474
5672
3915
7511
1123
2569
3199
3396
1715
4059
7610
917
3927
5270
1117
1516
215
8216
7237
4615
499
477
760
285
8056
6966
5622
221
3194
5091
2347
5252
4473
7516
1385
8357
2958
7665
1792
4064
7420
2671
6968
877
6177
4523
3139
1152
9732
246
5565
2740
902
1017
973
1298
6611
9032
7011
3337
9136
5889
6522
805
8028
7931
8757
7609
4544
2905
2595
2246
2113
9175
8156
2244
7883
265
883
1462
485
272
3204
984
7409
7398
7909
8370
7882
1214
9766
6035
421
5271
370
3848
8050
5976
4270
7796
5963
1379
5991
551
897
307
4421
74
6388
8559
9980
3615
4681
2231
3207
2818
5331
4979
8445
6348
3724
5401
1646
8668
5242
5302
9861
8830
77
3441
3589
9990
8189
7868
5996
3363
237
6420
2565
5214
2333
7726
4175
2058
6625
3066
4169
1475
4204
3090
1496
8001
6474
3449
8252
9332
6287
4189
1889
3063
2378
1206
1897
1230
7382
7575
3060
9529
7477
7290
89
4961
3461
5702
9532
8680
9053
1642
5000
2891
3822
1152
6324
7633
9267
8381
8272
4506
6419
6461
7526
8978
1468
2729
8795
7581
7383
2226
1421
3386
1273
2484
8676
1107
1229
2902
4962
4105
3084
5991
1701
9689
7655
5600
3538
7499
3881
2981
2473
4383
679
7573
1589
6480
145
7624
4923
8915
1232
6974
3735
4678
5640
2644
2212
5123
7253
6943
18
1916
7327
8640
7615
9470
1655
2288
2401
7840
4633
4707
4424
1682
9194
6855
4190
9728
1178
4275
4088
6367
4544
3738
2963
460
1266
727
3033
3442
3628
6384
7244
4482
7765
7446
8247
7913
8560
2528
4594
5935
3462
9621
7660
564
8302
3936
6592
6724
8118
4299
7251
8129
7096
8167
5169
2381
5976
8767
837
5407
1203
5387
2735
1706
2335
40
9821
7131
2159
978
6053
9849
8478
1019
8230
6453
4336
8931
4588
3449
2566
