5094
4506
4416
992
6649
9237
6457
7815
9446
3422
8791
9359
5667
1598
2007
544
5334
2766
3994
9893
2633
7131
5428
6700
617
5874
7720
4419
9794
8196
5997
3116
5908
5539
5707
8569
5537
931
5726
5487
9772
7513
2081
9943
8058
4303
3764
6536
724
3789
7479
2142
8339
8641
3196
1494
4066
824
9208
9711
8800
3314
6289
9401
1466
2689
6833
5225
6244
3849
8113
3379
7361
2065
7486
2686
7286
1889
8024
9491
6891
5090
5181
1214
1017
3472
4418
5419
7356
6682
9306
2201
8385
1952
1500
1194
9737
4324
2992
2224
8260
1097
4210
1649
6919
3063
2958
4804
518
5428
5537
5346
4153
8971
7662
4197
8091
1529
5126
8747
8469
3770
1934
723
1895
7568
6172
6958
4383
3308
4970
3583
6048
930
7569
5003
7020
1609
5887
6825
9930
4904
241
7379
9376
7962
6889
7443
8216
5338
9160
6406
8159
3031
5204
7420
9153
3425
5331
565
7838
8009
3918
533
232
3957
6591
576
3746
6377
3858
3086
2434
558
4279
2840
2735
8574
126
3912
8739
821
3625
5917
6201
2993
1149
52
9759
9267
2256
8783
8117
1516
7180
7025
380
5712
8266
3216
1448
9541
2664
3954
5726
6772
8531
4943
1750
2327
3917
4005
3113
9913
791
7998
5859
345
7431
9675
2833
4438
3523
7916
6420
8115
6660
4261
9772
8388
1764
8843
8206
7407
639
852
2542
6060
6757
3082
1637
3093
614
136
187
4102
9972
9163
7501
477
3492
1121
3080
8138
7660
1229
4827
2448
8230
8832
6489
1586
1291
9665
6660
3702
2153
7606
3123
1253
9709
5832
2108
888
1481
1283
8858
4284
5711
6850
1239
8943
2195
7095
1410
1664
3900
112
3963
8754
7458
19
6225
8569
6097
2194
5754
4602
1061
2695
347
6719
1100
1097
6843
3745
3286
7492
116
1531
2424
9253
1426
8413
6980
1291
2833
486
9009
1575
7922
9145
9897
3404
742
728
3269
5103
9745
3035
7779
6071
3080
6842
8128
941
227
6030
1342
2605
3531
3364
5359
6867
3820
8313
5207
8911
4308
6430
8685
6641
113
9141
7690
2700
1559
6481
503
1766
7
1882
1859
4182
425
5542
4683
853
5938
3089
624
5181
2878
933
580
2252
9207
2658
9020
7954
6347
759
4446
6014
3657
8710
8980
5188
5636
1203
3432
9129
7630
5509
7237
373
7838
7395
3692
9103
8218
1384
7931
9396
5389
640
3287
5297
6977
1512
3219
1555
5398
6289
7798
7598
9049
572
2697
770
3725
2542
214
2887
7045
2094
282
8082
1319
2626
2146
541
6874
6725
5777
9554
9208
6787
5976
2912
444
7003
4301
164
4437
8652
9764
3041
2737
1176
6136
1128
1394
1235
7042
1824
8684
6979
9568
367
8052
4642
4335
4126
2130
2583
8129
3752
7167
7856
7640
9770
1431
1195
7448
5701
952
3880
4168
7079
2961
4472
5217
8709
147
7296
909
5764
5251
5878
5753
8570
5253
7666
6931
433
7810
5678
6123
212
6066
7206
3750
8064
6466
9337
5510
3796
175
2437
9938
6848
5561
4718
2948
8649
7569
2663
582
9843
6202
3702
8579
2725
9803
4340
2156
1832
2602
4234
4688
8184
4978
9413
3633
3585
8606
4963
3350
4242
8539
6739
5267
1165
7177
5720
8802
8644
1082
3798
1197
6173
4081
3235
4112
1103
5268
7879
5643
9106
4122
4444
9262
691
9997
6446
4171
5549
8281
3211
3112
1408
8730
3363
8089
2605
1938
8168
1705
9047
6400
5215
6114
8051
9881
7549
1679
4328
5250
4203
481
752
4707
6082
5063
2660
8021
287
5219
4500
6820
4095
4044
4748
7678
4276
7478
7663
4594
9757
3947
6448
7570
9313
6981
9795
7552
2389
9280
4864
7636
512
6892
3184
947
1614
5625
9149
2377
6474
7018
6662
6416
4001
530
3752
8022
8981
8777
7957
7275
2584
582
9121
9951
2668
118
8319
3896
8521
6948
248
2474
7351
9054
9155
7660
1871
8486
5294
8425
1245
8382
6371
3708
2544
2794
8387
8738
8520
1281
9502
8091
503
6924
7016
3033
1344
9349
5606
4896
9595
8441
7102
8052
2654
4710
3434
9245
6036
3661
5413
1013
1370
400
3195
6984
476
2164
1405
6674
1196
608
2907
532
1051
716
6327
8880
1710
3267
9400
8376
3609
8320
6196
1538
2935
8404
2100
9126
1855
2094
5731
8253
5008
7393
2543
3348
9318
5489
6022
8998
2049
7381
10
9429
9221
4150
6717
8530
9332
8942
6565
1216
7061
8170
2872
8644
8208
4680
3697
5639
5679
5961
4361
802
3359
7839
2718
3280
8252
1280
9102
5615
2296
481
4956
1230
259
6922
7706
2272
7156
6552
7485
6536
1070
902
7452
7035
5947
1378
3057
2352
1669
702
3141
7458
1463
1756
2887
2332
6528
8656
5254
9787
495
8370
9010
7200
4327
1017
1374
9755
7980
9376
3008
32
5460
8804
3023
6869
5943
3715
628
3073
9199
9038
1209
5327
9912
9799
7372
1976
3120
1667
8188
6028
5704
649
746
4697
5712
8289
9625
1953
4462
9302
6079
8041
4823
7908
7665
6036
9732
4809
9066
1291
6591
6583
3252
5479
6530
4224
1788
2309
6366
7352
8402
2545
4113
2967
4454
5723
2014
8020
3308
8644
713
1482
3336
289
5496
2326
8530
6167
5522
9830
7091
5116
5747
395
3958
5756
6262
1703
5511
6481
5449
1888
4599
7306
8492
5803
9445
7316
7889
785
5765
9491
8589
6124
5741
7898
8725
8682
4131
2398
3906
3753
3312
6790
2301
1945
4447
9197
1027
573
589
7934
8209
9529
5899
5015
7592
3092
7575
3814
3354
5127
8374
9566
7594
4973
5645
1603
7712
4032
9298
7561
1906
4626
143
8504
3836
7361
431
554
6024
6416
8735
1243
4454
6932
494
8648
8357
4596
9788
3536
4759
4200
9566
8741
9217
2219
3832
9819
4487
8473
241
1064
516
5857
1218
5490
5504
8707
342
5475
3175
4786
171
232
2888
4866
6976
8253
1619
3642
5460
9218
2218
9667
3949
8089
1488
4568
6526
