1485
6094
7326
5506
10248
5416
6421
1992
1322
7649
6795
10237
9043
7457
3845
8815
5955
10446
10252
4422
2009
9791
6901
10359
2122
6667
2094
2598
9738
3007
9574
1544
6715
6334
9882
3766
2367
4994
10984
10893
4299
3633
10433
8131
6682
6428
1072
7700
8874
1617
1138
6874
4856
8720
8145
5419
8995
10794
2529
9196
7199
6997
4277
4116
1097
6908
10719
6539
6242
6707
7107
9569
2122
6537
2070
1931
7098
6726
4600
6487
7645
10772
8267
8513
2972
3081
10895
10943
4213
9058
10748
5303
10487
4764
2923
7536
8029
1724
6674
4789
